Center: 0.92155 , -3.15605 , 11.8658

Size: 32.1727 , 27.6397 , 20.0356
